h = 0.05; h
